State	Population	Violent_crime	Murder_and_nonnegligent_manslaughter	Forcible_rape	Robbery	Aggravated_assault	Property_crime	Burglary	Larceny-theft	Motor_vehicle_theft	Arson	Total_murders	Total_firearms_murder	Handguns_murder	Rifles_murder	Shotguns_murder	Unknown_Firearms_murder	Knives_or_cutting_instruments_murder	Other_weapons_murder	Hands,_fists,_feet_murder	Total_robberies	Firearms_robberies	Knives_or_cutting_instruments_robberies	Other_weapons_robberies	Strong-arm_robberies	Agency_count	Total_aggravated_assaults	Firearms_Agg_Aslts	Knives_or_cutting_instruments_Agg_Aslts	Other_weapons_Agg_Aslts	Personal_weapons_Agg_Aslts	Total_law_enforcement_employees	Male_Enf_emply	Female_Enf_emply	Male_Enf_emply_civil	Female_Enf_emply_civil	Number_of_agencies	Rate_of_Under_Age_Arrests	Student_enrollment	law_enforcement_employees_colleges	Total_officers_colleges	Total_civilians_colleges
AL	2368137	9559	141	681	2969	6036	96540	23309	73326	5982	198	199	135	112	0	23	0	23	24	17	1511	817	91	113	490	303	5700	1529	912	1273	1986	16205	10134	796	2016	3259	346	0.039	137634	435	285	150
AK	470248	3450	16	465	552	2425	16471	2014	13183	1274	129	31	19	3	5	1	10	4	4	4	584	153	53	55	323	35	3309	543	780	795	1191	1944	1116	103	256	469	40	0.087	26413	38	25	13
AZ	4856365	19925	254	1296	6494	11881	157989	39563	109293	17568	912	352	232	152	14	10	56	51	62	7	6864	3036	645	599	2584	96	15337	3618	2604	4577	4538	22130	11261	1345	4336	5188	106	0.135	150596	230	138	92
AR	1654464	11049	95	901	2179	7874	76304	22290	51769	3918	370	130	93	49	7	4	33	12	21	4	2283	1067	137	227	852	199	10044	2548	1522	2163	3811	9964	5671	504	1471	2318	280	0.080	95067	270	196	74
CA	30591410	135504	1443	6806	51675	75580	829754	185381	516213	128160	6171	1811	1257	953	59	44	201	250	201	103	58035	18053	5044	5357	29581	729	95678	16937	15178	33074	30489	118884	68635	10361	14336	25552	460	0.131	952632	1614	943	671
CO	3444448	12315	100	1635	2883	7799	110456	20861	80120	9475	797	117	65	34	0	4	27	20	21	11	3068	1119	308	383	1258	171	9535	1936	2323	2659	2617	17071	10074	1462	1892	3643	234	0.152	159213	303	201	102
CT	2885923	9532	123	519	3414	5476	69192	12937	50044	6211	338	131	97	72	0	1	24	20	8	6	3483	1164	377	297	1645	99	5703	792	1250	2026	1635	10476	7812	807	788	1069	103	0.117	48096	325	250	75
DE	235789	2463	31	102	902	1428	11706	2435	8463	808	30	48	38	25	0	2	11	8	0	2	1829	839	146	136	708	53	3376	824	763	1400	389	3170	2006	317	311	536	54	0.137	24747	115	70	45
DC	601723	7468	132	184	3914	3238	27138	4224	18050	4864	49	131	99	32	0	0	67	20	7	5	3914	1563	246	209	1896	1	3238	606	944	1233	455	4477	3046	899	210	322	1	0.092	0	0	0	0
FL	9106904	58197	542	2792	17316	37547	385161	92299	268516	24346	1185	527	376	315	19	21	21	64	85	2	26071	11105	1730	2206	11030	663	69482	13295	12385	25994	17808	72390	37849	6389	10229	17923	361	0.116	364053	772	485	287
GA	3343710	19571	275	782	6554	11960	162931	40191	109686	13065	526	24	7	6	0	0	1	6	5	6	10551	6192	474	876	3009	458	20287	5160	3580	5553	5994	32780	20552	4029	2668	5531	426	0.137	267585	1152	700	452
HI	950268	2548	19	218	891	1420	31668	5760	22007	3901	349	21	12	12	0	0	0	4	2	3	988	97	80	92	719	3	1953	170	421	642	720	3725	2654	293	235	543	4	0.162	0	0	0	0
ID	918860	2422	15	377	194	1836	23725	4320	18534	871	176	453	364	355	3	1	5	30	43	16	213	61	26	25	101	102	2556	361	472	847	876	4341	2603	190	314	1234	110	0.183	0	0	0	0
IL	8985550	19564	627	1956	18790	26593	274934	59038	190193	25703	1208	198	142	83	11	7	41	19	25	12	495	240	20	60	175	1	1646	805	219	311	311	49849	29991	5452	6968	7438	778	0.142	0	0	0	0
IN	2674033	7619	89	812	2458	4260	101770	20940	76306	5480	631	38	21	9	1	4	7	4	9	4	2665	1122	199	311	1033	286	5496	514	662	1171	3149	15577	9808	761	2315	2693	237	0.155	130011	281	202	79
IA	1827065	6760	27	676	976	5081	56380	12758	40786	3019	394	100	63	30	4	1	28	13	18	6	995	274	95	104	522	188	6010	566	1143	1369	2932	8085	4875	428	1079	1703	238	0.102	70235	133	88	45
KS	2028015	8618	81	889	1463	6185	73103	14799	53168	5136	448	180	116	76	6	16	18	19	25	20	1511	695	120	161	535	236	7354	2016	1545	2274	1519	10565	6388	609	1390	2178	337	0.049	106112	254	154	100
KY	2193122	8453	104	784	3388	4177	83298	19795	59056	4447	418	437	351	263	19	11	58	42	31	13	3673	1716	301	323	1333	330	5056	1060	869	1976	1151	10104	7526	525	773	1280	344	0.116	112574	265	184	81
LA	1608403	11811	276	593	2841	8101	74387	20919	48904	4959	201	24	11	4	2	1	4	6	1	6	4067	2121	248	300	1398	172	14895	3501	2409	3742	5243	18493	11270	2554	1712	2957	147	0.120	88285	370	299	71
ME	852315	1232	14	296	373	549	24732	4420	19704	608	162	424	293	272	3	12	6	59	53	19	414	75	70	52	217	167	794	48	157	235	354	2839	2109	141	242	347	134	0.140	23910	50	32	18
MD	1281465	13364	253	427	4853	7831	54052	12632	35238	6182	460	209	118	52	0	1	65	50	31	10	6809	3266	552	342	2649	153	12754	1761	2872	4610	3511	20467	13410	2085	1891	3081	132	0.099	125067	609	338	271
MA	6273048	28812	208	1667	6496	20532	144968	36050	97804	11114	635	558	413	239	25	14	135	43	71	31	6712	1626	1298	880	2908	320	20904	2043	4770	10749	3342	19574	14786	1366	1356	2066	347	0.111	326047	1212	889	323
MI	5926783	40035	504	2685	10698	26148	195299	54459	116962	23878	2437	91	53	43	2	8	0	14	16	8	11238	5523	524	909	4282	515	30673	8231	6005	10926	5511	24426	15772	2457	2737	3460	629	0.189	379828	605	408	197
MN	3476787	6176	76	621	3125	5705	100913	17614	80540	6665	599	165	120	98	3	12	7	21	19	5	3088	1011	234	399	1444	305	6606	1058	1307	1876	2365	13509	7761	1064	1936	2748	322	0.082	0	0	0	0
MS	1148916	4767	110	480	2138	2039	54026	17300	33477	3249	299	419	321	189	26	4	102	35	49	14	2278	1422	97	190	569	121	2910	888	521	781	720	10325	5636	518	1715	2456	190	0.118	59522	260	184	76
MO	3649261	21406	340	1079	5594	14393	159857	32565	114024	13268	1044	21	12	6	2	4	0	3	5	1	6029	3180	322	382	2145	578	18676	5368	2407	4750	6151	20375	13156	1444	2185	3590	564	0.222	158120	320	225	95
MT	386999	1073	10	121	92	850	14230	1867	11569	794	55	51	32	29	1	2	0	8	5	6	122	20	16	41	45	96	1781	278	256	532	715	2941	1754	105	477	605	115	0.164	27269	58	30	28
NE	1230582	4368	46	560	999	2763	41356	6546	31661	3149	204	158	84	57	5	6	16	22	34	18	1018	439	70	76	433	211	3230	531	505	1378	816	4835	3134	393	346	962	158	0.133	30750	64	37	27
NV	2072673	14922	132	794	4713	9283	60333	17912	33681	8740	340	13	5	2	0	2	1	5	3	0	4844	1722	450	427	2245	40	10336	1554	1893	5192	1697	9873	5301	580	1430	2562	44	0.144	58897	91	60	31
NH	1152121	2003	13	369	425	1196	26188	4928	20375	885	292	363	246	216	7	2	21	50	39	28	427	94	50	71	212	150	1220	202	401	328	289	3441	2401	205	255	580	153	0.102	15253	32	17	15
NJ	8439459	26308	366	962	11578	13402	173364	36944	121257	15163	957	118	67	36	6	2	23	29	15	7	11720	3944	964	777	6035	578	13764	2101	3113	4320	4230	39996	28461	2604	3297	5634	545	0.106	193695	849	461	388
NM	1297057	8702	86	705	1401	6537	56611	15038	37402	4171	291	860	517	135	6	12	364	173	148	22	1581	626	229	140	586	88	8578	1669	1474	2779	2656	6030	3957	436	549	1088	109	0.115	57555	102	66	36
NY	13743740	68404	761	2077	26440	39126	284604	47820	220213	16577	746	445	286	188	21	25	52	56	72	31	8770	2540	1004	970	4256	533	16331	2311	5182	4675	4163	83394	53432	8481	7664	13817	466	0.086	149684	1065	640	425
NC	4257811	22299	253	1136	7448	13462	195022	54084	130369	10569	1021	9	4	3	0	1	0	0	4	1	8540	4419	551	769	2801	308	19087	5677	3911	5270	4229	32755	20401	2519	4426	5409	510	0.204	261044	967	553	414
ND	401927	998	5	171	81	741	9138	1322	7263	553	47	460	310	176	7	2	125	40	93	17	89	12	5	10	62	87	1134	21	105	228	780	1840	1205	134	193	308	107	0.124	30011	43	32	11
OH	6712698	30320	409	2841	14933	12137	261111	80737	171421	17437	2850	188	111	86	8	7	10	24	32	21	15644	6479	738	1491	6936	444	14061	3511	2687	4463	3400	27987	17782	1901	3465	4839	607	0.106	374682	728	471	257
OK	2681417	15180	157	1217	3245	10624	110634	31541	70311	8782	654	78	36	20	1	2	13	16	17	9	3293	1503	268	262	1260	302	12194	2347	2016	4416	3415	11667	7073	569	1692	2333	330	0.169	137318	304	223	81
OR	2219522	7067	48	801	1971	4247	82741	12758	63272	6711	768	646	457	367	8	11	71	67	94	28	2237	580	236	213	1208	140	5499	614	1033	1894	1958	10195	5524	606	1746	2319	209	0.180	0	0	0	0
PA	9634610	40791	585	2493	15630	22093	230226	43495	172030	14701	1189	29	16	2	1	1	12	5	6	2	16194	6574	1111	1022	7487	1264	25145	4984	3841	6324	9996	29488	22509	2646	1536	2797	987	0.140	224529	603	436	167
RI	1046239	2655	28	281	777	1569	26214	6039	17886	2289	232	280	207	136	8	7	56	22	34	17	780	198	78	106	398	49	1596	302	426	676	192	3164	2356	182	286	340	48	0.099	24963	106	64	42
SC	1523212	11767	111	566	2677	8413	77791	16046	57208	4537	242	14	8	3	0	1	4	2	4	0	4780	2656	313	388	1423	407	20187	5274	3663	5614	5636	14030	9134	1220	1349	2327	274	0.181	118940	438	290	148
SD	431150	1167	6	254	123	784	11361	2112	8709	540	42	356	219	146	12	11	50	35	83	19	147	18	24	27	78	107	1098	144	378	353	223	2411	1413	98	384	516	142	0.102	12376	18	13	5
TN	3653974	30630	243	1575	7738	21074	171301	43373	117335	10593	762	1246	805	581	34	48	142	202	130	109	8309	4682	598	711	2318	457	27640	8231	6137	10644	2628	25671	14474	1543	4405	5249	453	0.130	188516	581	379	202
TX	18521004	92704	975	6088	28509	57132	783526	177396	550190	55940	4219	52	22	16	0	1	5	7	12	11	32809	16280	2716	2745	11068	1020	71380	15544	15836	25244	14756	89897	48620	6272	15209	19796	1011	0.190	833707	3096	1572	1524
UT	2104995	4880	43	792	1125	2920	71259	11857	54511	4891	215	7	2	1	1	0	0	1	2	2	1262	349	173	132	608	119	3530	603	954	1148	825	6987	4499	371	871	1246	135	0.090	141277	174	92	82
VT	280582	401	0	64	47	290	7012	1182	5661	169	24	369	250	137	9	12	92	47	50	22	54	13	14	7	20	67	439	49	84	72	234	1516	1059	99	119	239	69	0.088	13391	33	21	12
VA	2929753	10660	212	733	3948	5767	101201	16941	78462	5798	650	151	93	73	4	2	14	24	22	12	5651	2955	365	552	1779	354	9472	1872	2189	3011	2400	23390	16199	2181	1368	3642	279	0.107	302872	940	595	345
WA	4056667	15712	100	1736	5044	8832	189202	36178	133161	19863	893	55	27	16	0	4	7	11	9	8	5906	1446	537	583	3340	254	12248	1678	2180	3824	4566	14555	9451	954	1460	2690	259	0.042	114167	164	114	50
WV	255724	985	14	60	178	733	7275	1654	5688	307	59	151	97	63	5	6	23	13	22	19	235	66	32	34	103	127	1712	339	269	402	702	4415	3361	112	360	582	351	0.207	67804	146	121	25
WI	3517403	12255	128	861	4384	6882	112617	19059	86695	6892	491	8	5	0	2	0	3	1	1	1	4453	2344	215	428	1466	342	7962	1764	800	1564	3834	19423	11328	1767	2544	3784	393	0.159	158392	244	160	84
WY	356656	807	6	118	63	620	10982	1537	9056	389	58	50	41	36	1	0	4	4	5	0	76	25	10	8	33	65	847	79	156	263	349	1962	1295	108	125	434	66	0.069	16326	27	16	11
